{
 "width":720,
 "height":720,
 "top":0,
 "left":0,
 "bottom":0,
 "right":0,
 "opacity":0.8000000,
 "messagex":0.220000,
 "messagey":0.120000
}
