{
 "width":720,
 "height":720,
 "top":75,
 "left":0,
 "bottom":75,
 "right":0,
 "opacity":0.7000000,
 "messagex":0.220000,
 "messagey":0.120000
}
