{
 "width":720,
 "height":720,
 "top":60,
 "left":-24,
 "bottom":84,
 "right":-24,
 "opacity":1.0000000,
 "messagex":0.220000,
 "messagey":0.120000
}
